8007542322491359296
-4823352967526577152
-3488029111008222208
-1367963986619793020
7999536722662654498
-476675604234369024
6854764575204835330
-3529375133342822250
-792615922853215192
9079292050372952384
-4825570368615841662
-714374555210088448
-1513134552850104320
-4746758264258035456
-1369023638734331839
-6989586479927242752
-1206621617879186928
-287666292291009528
-924915709494607616
-3528570305756725184
-216031821142425471
-4719737186187997180
9102900749037275136
-5835820691520749056
6855076770004182016
-2661625111898488576
-2447699800338724816
-2952030390895640512
6890790004634697728
-718323006660607738
4540790646877098001
-2645574372432804860
-2521435227683813372
4540772225741246752
-4809809045832597360
9061385388929056896
8575489213066772608
-5818368135484342207
6864075196117303808
8611485041379295680
-4755620678156009332
9007274090320496640
8575417757191898370
9016206591837446402
-2662964179605634942
-4953950792797124351
-5255506682002799872
-1273238311023918591
8867659153074684930
-247125666455993312
8053984572595240960
-1801439849840766919
-1294781301995077616
-6988389733981978592
-1270011452768321024
-5255699081296003071
-4971410487816740863
-278044354369413120
-4754604318638598136
-4826732761039240160
-286647078869138304
-432342675784400382
9133308909728138240
-2947599356558835584
