-1261007620777403360
-6971572154429071360
-504385153711669184
6845489026210791492
-936745423689220092
9079265662069638656
-2522014137763749376
-6953547752961720192
-2936206214188335008
-2949294526255988480
-2665990173193404288
4539909934279561216
-2954079794393774080
-1511802061258083328
-4647151719459781624
9154129339695039490
-4809843852206636992
8002899011793068033
-2661627242284055552
-270074690129614847
6845894195891288064
-1287739216987418620
-5259566647987918831
-2954354758416838527
-1368196529034084352
7998428123656880200
-3512790115007062016
9025231249733648392
-4971410823913108472
9034227451725348992
8576016990995550216
-432340848351346428
-720505565184262096
-1783425280637923328
-2665849159738712054
-680043403861292800
-702280032516566524
9097414185955886080
-5823013576398337536
-4971406639509798015
-2440915538507956224
4540789510010978306
-286963592656191471
-2429866821046697976
-1800313916673196028
-3473788223253642944
9007393937119510536
-702559065753911279
8018799891893453952
8000790698395697280
-1504201107308510848
-431923282975391104
-1273252039951384448
-283585746969689984
-1780046609982684160
6846597900718899712
8595190395363655937
9079327217802084993
-1512609140356644846
-1499698658583502831
-245164670355075067
-936466689035075567
6846606494683762708
-2421089265363255222
